-0.010752757506305
0.209918860308181
0.668731117118498
0.447572028193315
-0.279638659522212
-0.355109349042974
-0.322484097580311
-0.160283878150645
0.343773401298279
0.151561695067886
-0.790209592576858
0.152564762697467
-0.191754437901643
0.385591763501968
-0.255348880289843
0.625023639091196
-0.219782416649683
0.011030556877368
-0.195744548683841
0.476928250961670
0.479520522140319
0.313413082183544
-0.096866237660675
0.134958587190749
0.213976729013520
0.270263063984624
0.846518166888528
0.196860814981441
0.527549024443096
-0.479764336753780
0.245133087674249
-0.304216887066824
0.137511763323857
-0.059483923131486
0.562523102437095
-0.421611060668488
-0.275861949678648
-0.187684418290510
-0.051304162513253
-0.289014255059801
-0.242866135299964
0.752179194725527
-0.577503155109511
-0.383927558149065
-0.151069417699982
0.034156502344548
-0.317141041672566
0.626047829776222
-0.050860346390426
0.509743207774939
-0.452570869346599
-0.167235756025829
-0.312324082919993
-0.381910720652128
0.391921072308130
-0.332218924826161
0.460025096132050
-0.312239620659554
-0.645065428990227
0.147309794045429
-0.171315953772644
-0.448395354592189
0.150552971017308
-0.529694394944743
-0.425728929355633
-0.496494814708302
0.252005878879279
0.381910720652128
-0.257114640747436
-0.127282856725361
-0.354850564727788
-0.147644299570139
-0.131777346077601
-0.651972594672858
0.165638549936622
0.062840955240574
-0.615193944616204
0.309455980184813
0.557366572751310
-0.541256758380612
-0.429227684429521
-0.218193931460586
-0.054314640600763
-0.256564893202639
0.217875161714190
0.396304164343438
-0.564043473475881
0.453892614471466
0.510816605260279
0.100327532100669
0.017625546304678
-0.000000000000000
-0.104737190838240
0.161612128096683
-0.186860968566719
0.962866510955940
0.029710291368770
-0.000000000000000
0.000000000000000
0.000000000000000
0.000000000000000
0.000000000000000
0.000000000000000
0.000000000000000
0.000000000000000
0.000000000000000
0.000000000000000
0.000000000000000
0.000000000000000
0.000000000000000
0.000000000000000
0.000000000000000
0.000000000000000
0.000000000000000
0.000000000000000
0.000000000000000
0.000000000000000
0.000000000000000
0.000000000000000
0.000000000000000
0.000000000000000
0.000000000000000
0.000000000000000
0.000000000000000
0.000000000000000
0.000000000000000
0.000000000000000
0.000000000000000
0.000000000000000
0.000000000000000
0.000000000000000
0.000000000000000
0.000000000000000
0.000000000000000
0.000000000000000
0.000000000000000
0.000000000000000
0.000000000000000
0.000000000000000
0.000000000000000
0.000000000000000
0.000000000000000
0.000000000000000
0.000000000000000
0.000000000000000
0.000000000000000
0.000000000000000
0.000000000000000
0.000000000000000
0.000000000000000
0.000000000000000
0.000000000000000
0.000000000000000
0.000000000000000
0.000000000000000
0.000000000000000
0.000000000000000
0.000000000000000
0.000000000000000
0.000000000000000
0.000000000000000
0.000000000000000
0.000000000000000
0.000000000000000
0.000000000000000
0.000000000000000
0.000000000000000
0.000000000000000
0.000000000000000
0.000000000000000
0.000000000000000
0.000000000000000
0.000000000000000
0.000000000000000
0.000000000000000
0.000000000000000
0.000000000000000
0.000000000000000
0.000000000000000
0.000000000000000
0.000000000000000
0.000000000000000
0.000000000000000
0.000000000000000
0.000000000000000
0.000000000000000
0.000000000000000
0.000000000000000
0.000000000000000
0.000000000000000
0.000000000000000
0.000000000000000
0.000000000000000
0.000000000000000
0.000000000000000
0.000000000000000